574
37768
16033
29457
45965
1398
43016
53492
26
51354
56615
3368
13150
17658
1543
30216
55516
53490
48404
42942
51470
30989
34120
65378
36093
7002
3627
48656
11046
57437
21972
3115
37455
59582
15180
21577
6933
20012
22478
7415
35866
64567
27475
32325
53490
4871
29477
3786
7547
26215
47026
4383
36937
44932
3173
20870
60393
25496
57444
29019
41353
3460
3282
58792
60704
65
60395
9629
1259
15585
53047
1909
35056
15347
29049
5189
13557
47242
17935
20474
60575
44764
17018
6231
14309
2399
56064
65144
10987
19022
51228
59534
4261
13422
55992
3893
26830
43255
45201
8580
22829
49747
48055
48815
25746
34769
30485
41532
29010
21972
12689
6845
6628
27874
59670
20625
13949
47114
51624
19745
8933
13649
2534
51530
43460
63659
49533
23928
47987
16504
40418
30161
17244
49472
57859
17067
63771
12776
13570
65494
62310
16998
28325
15939
57214
53395
50217
8536
63871
12893
41439
42560
30231
23944
48053
24037
52654
11392
50330
29777
59805
55553
4385
18423
20090
24954
43188
11163
4223
4250
57535
37845
18779
61503
12896
59492
24373
65031
9174
24408
15303
28712
42818
46926
30298
61850
30375
50286
56454
11453
44408
41977
63947
16480
4404
585
38434
21498
16373
18746
19787
45503
58556
18326
40069
57394
24793
3909
10334
46276
18249
28189
45365
22223
64949
44643
45147
31135
46545
50862
64166
36234
19674
65319
60646
26607
64691
27198
35999
34798
58926
39730
63579
3805
34212
25487
24760
10037
64791
21494
17109
38960
41287
27351
34633
54995
27787
3859
39893
64469
25093
56107
19058
38976
47429
10801
31675
44413
1262
65456
54798
53456
51625
8826
13206
16982
62630
54485
47267
1204
54776
56857
16117
39172
10673
57373
15038
14953
65204
41041
61641
25170
2723
53034
6972
6708
2664
25387
6517
34120
62971
9506
47215
64885
1859
3005
4518
48543
20160
23453
3885
2531
61467
45184
51863
65468
15378
33453
16932
9481
65505
62293
8634
41395
19289
39342
36117
1164
4493
17167
47893
1257
52157
37118
41157
57373
17934
45750
4790
32874
2311
8892
26057
21008
11467
63188
19205
38924
33575
30510
3446
50178
54962
890
31462
8399
57078
55168
10666
23828
36604
47066
58351
53064
37870
34779
15662
51084
28675
65175
34343
53474
18932
16426
55254
19446
44520
52270
64506
32077
29035
41206
55994
45070
15329
28448
26240
57709
57135
28713
61986
9
25704
47023
30501
57744
7468
24507
44029
59667
1958
38760
20812
62676
44972
40583
54007
37900
30419
64196
5019
2039
50849
31174
57239
65501
20073
51600
21997
59888
45420
58364
25074
45809
17498
11515
52763
49437
62207
52304
16339
15273
39603
29805
39718
27622
843
53143
33898
24539
51799
13443
27502
23562
41561
62095
18416
2993
1200
34270
53239
28684
8335
49938
59066
2156
24215
39828
37879
35444
9958
29756
22715
17402
53704
17280
56603
10952
22828
18377
64361
64078
50577
17588
11861
6279
41859
56630
35198
25061
31412
64200
9231
17530
9151
52562
19743
38148
35217
65248
58904
24877
26209
20309
53827
20858
40203
10622
55476
22374
7734
33465
32890
53505
47068
47773
2956
42973
38128
24402
35947
27784
40243
65438
17025
65444
53812
15210
41637
62719
26824
24815
14739
49387
56822
19940
34455
44150
64986
23454
62032
1559
37411
37038
41427
37530
47037
36134
28316
45408
9953
60913
10474
18411
45524
41499
14770
28511
1022
45275
3206
9012
4155
43684
34215
12110
26948
51436
26264
13607
60787
4572
28901
30679
11981
36127
29869
56853
62663
14198
15452
11189
13714
21079
31186
18994
15443
30031
55382
50581
8147
22259
5010
41177
42193
11478
13118
52960
36869
15206
42746
62402
57499
21077
8888
22895
31861
32308
35747
792
18060
52888
38118
36939
7360
14277
33848
48105
49323
63872
62640
2046
38354
41174
58628
61017
31167
25199
20834
21261
53276
50311
33371
6541
26699
5548
59157
33710
54031
7498
8710
21318
30851
36894
6805
44999
38964
49717
46092
16789
57918
40198
55492
16588
34646
14458
2142
54563
10999
27535
36538
54545
46236
62209
4190
62191
28504
17514
40202
48280
34957
2162
64575
33934
54000
27074
15865
42871
45393
44577
44459
30276
24576
54835
21401
61537
7098
38059
2625
637
13454
49584
30723
2539
14807
22853
45510
19075
38178
3427
63266
63898
3108
56565
32033
42113
24788
64005
3800
30664
14743
31040
62594
14113
28066
54837
61294
16384
546
47119
40011
29525
34601
42182
31625
22865
65123
27333
37262
48425
9526
5397
46110
41657
28317
47829
28744
7330
29394
35286
4644
48053
21046
5199
59043
8198
59835
21748
52468
30078
41035
39204
43501
12566
39268
49506
12706
21917
49446
8756
47878
32537
11261
65034
48305
22215
55193
45392
2417
18358
57116
32560
40181
310
32909
40396
36191
47373
61682
62965
41867
10230
28239
45896
57927
57208
30271
36819
27175
5317
44129
61644
17640
4595
10344
51774
42549
45203
26591
37984
39126
6171
32347
51392
13446
17082
53184
42427
49892
54562
20009
50753
26234
46457
65395
16565
14081
39759
18568
60490
32496
59979
60855
30350
4471
27605
55956
38267
6764
36124
2212
47936
29829
20244
26008
49794
29482
401
32567
31337
11471
41367
18342
21311
3881
31169
14318
40325
53288
43620
58176
26617
27470
555
6972
33667
41880
3945
44921
10434
42035
21188
42965
10219
38589
50464
23851
4967
62027
33122
48687
65068
35793
59060
18747
55965
3163
17890
12215
21430
62721
31809
50957
54071
10369
23763
58745
57854
35049
38137
18834
59044
24898
47487
24929
38818
28997
17226
5279
1014
47457
42140
62532
34343
57406
63817
60278
4909
54890
39165
16969
20521
27117
31748
9372
32931
53046
44048
38522
27106
55519
9343
42629
37039
6370
37896
5509
64615
30152
28025
37793
52716
45549
59882
5876
16906
58288
56640
55235
3788
10365
6643
52083
49318
49977
13108
23569
49475
65025
37126
56792
56541
18651
24763
25043
26052
14248
6672
60436
57223
54064
15814
26597
25826
41074
2721
35891
44244
22426
6449
2463
46399
24262
53780
4382
6877
11518
15760
31086
6569
1236
47897
27073
2992
21836
17217
38011
6533
12336
13172
17600
11544
59388
37069
4116
14314
8817
47669
6637
34457
43239
47858
60601
22551
31162
43220
55833
52329
10237
36323
11774
45074
21884
26602
52482
50288
65471
27020
53674
9388
